 XF =   0.000 - XG =   0.000
 YF =   0.000 - YG =   0.000
 ZF =  -2.500 - ZG =  -2.500
 Displacement =  0.4999997E+03
 Waterplane area =  0.1000002E+03
