 XF = 100.000 - XG = 100.000
 YF =   0.000 - YG =   0.000
 ZF =  -2.500 - ZG =  -2.500
 Displacement =  0.4999992E+03
 Waterplane area =  0.9999995E+02
