 XF =   0.000 - XG =   0.000
 YF =   0.000 - YG =   0.000
 ZF =  -5.000 - ZG =   0.000
 Displacement =  0.7764570E+03
 Waterplane area =  0.7764571E+02
 Mass = 0.7764570E+06
