 XF =   0.000 - XG =   0.000
 YF =   0.000 - YG =   0.000
 ZF =  -0.315 - ZG =   0.000
 Displacement =  0.2417603E+00
 Waterplane area =  0.3837467E+00
