 XF =   0.000 - XG =   0.000
 YF =   0.000 - YG =   0.000
 ZF = -10.150 - ZG = -10.900
 Displacement =  0.4870776E+02
 Waterplane area = -0.1788139E-06
