 XF =   0.000 - XG =   0.000
 YF =   0.000 - YG =   0.000
 ZF =  -4.592 - ZG =  -3.900
 Displacement =  0.2973762E+03
 Waterplane area =  0.3239999E+02
