 XF =  -0.000 - XG =   0.000
 YF =   0.000 - YG =   0.000
 ZF = -62.066 - ZG = -78.000
 Displacement =  0.3208197E+05
 Waterplane area =  0.1325878E+03
 Mass = 0.3288402E+08
