 XF =  -0.000 - XG =   0.000
 YF =   0.000 - YG =   0.000
 ZF =  -5.374 - ZG =  -3.900
 Displacement =  0.3460834E+03
 Waterplane area =  0.3239999E+02
 Mass = 0.3460834E+06
