 XF =  -0.000 - XG =   0.000
 YF =   0.000 - YG =   0.000
 ZF =  -9.163 - ZG = -21.290
 Displacement =  0.1612495E+04
 Waterplane area =  0.3137612E+03
 Mass = 0.1612495E+07
