 XF =  50.000 - XG =   0.000
 YF =   0.000 - YG =   0.000
 ZF =  -2.500 - ZG =  -2.500
 Displacement =  0.1000005E+04
 Waterplane area =  0.2000010E+03
 Mass = 0.1000006E+07
