 XF =   0.000 - XG =   0.000
 YF =   0.000 - YG =   0.000
 ZF =  -0.675 - ZG =   0.000
 Displacement =  0.7621381E+02
 Waterplane area =  0.6357517E+02
