 XF =   0.000 - XG =   0.000
 YF =   0.000 - YG =   0.000
 ZF =  -0.181 - ZG =  -0.200
 Displacement =  0.2681777E-01
 Waterplane area =  0.3360003E-01
