 XF =   0.000 - XG =   0.000
 YF =   0.000 - YG =   0.000
 ZF = -15.604 - ZG = -21.290
 Displacement =  0.8866924E+03
 Waterplane area =  0.2823847E+02
