 XF =   0.000 - XG =   0.000
 YF =   0.000 - YG =   0.000
 ZF =  -1.293 - ZG =  -0.720
 Displacement =  0.7258328E+03
 Waterplane area =  0.2855223E+03
