 XF =   0.000 - XG =   0.000
 YF =   0.000 - YG =   0.000
 ZF =  -1.874 - ZG =  -2.000
 Displacement =  0.2613639E+03
 Waterplane area =  0.7848785E+02
